Epoch-100 0.7193  0.8267  0.8935  0.9651
Epoch-200 0.7420  0.8329  0.8966  0.9673
Epoch-300 0.7350  0.8316  0.8955  0.9651
Epoch-400 0.7326  0.8259  0.8914  0.9636
Epoch-500 0.7332  0.8288  0.8921  0.9642
Epoch-600 0.7218  0.8179  0.8828  0.9592
Epoch-700 0.7053  0.7978  0.8727  0.9555
Epoch-800 0.6828  0.7866  0.8685  0.9547
Epoch-900 0.6746  0.7829  0.8568  0.9442
Epoch-1000 0.6795  0.7839  0.8595  0.9454
Epoch-100 0.7358  0.8338  0.9003  0.9695
Epoch-200 0.7419  0.8391  0.9015  0.9728
Epoch-300 0.7423  0.8363  0.8984  0.9663
Epoch-400 0.7438  0.8295  0.8934  0.9653
Epoch-500 0.7139  0.8084  0.8802  0.9625
Epoch-600 0.7221  0.8116  0.8828  0.9598
Epoch-700 0.6940  0.7871  0.8625  0.9515
Epoch-800 0.7046  0.8040  0.8707  0.9514
Epoch-900 0.6997  0.7998  0.8728  0.9540
Epoch-1000 0.6733  0.7812  0.8593  0.9474
