Epoch-100_m 0.5199  0.6445  0.7495  0.9072
Epoch-200_m 0.4725  0.5940  0.7186  0.8911
Epoch-300_m 0.4603  0.5722  0.6904  0.8736
Epoch-400_m 0.4310  0.5466  0.6693  0.8569
Epoch-500_m 0.4016  0.5219  0.6376  0.8401
Epoch-600_m 0.3852  0.5012  0.6209  0.8295
Epoch-700_m 0.3557  0.4730  0.6023  0.8096
Epoch-800_m 0.3464  0.4610  0.5832  0.8054
Epoch-900_m 0.3282  0.4387  0.5633  0.7880
Epoch-1000_m 0.3209  0.4416  0.5608  0.7822

这里的问题是：由于负样本全部选取。导致很多负样本对无效，不产生有效的损失，从而在平均的时候大大的拉低了梯度部分。
从训练的log 来看，就是正样本对拉近的梯度远远高于负样本拉远的梯度，从而相似度被拔高