Epoch-100 0.5427  0.6693  0.7822  0.9242
Epoch-200 0.5760  0.6983  0.8054  0.9291
Epoch-300 0.5839  0.7120  0.8145  0.9340
Epoch-400 0.6070  0.7294  0.8229  0.9380
Epoch-500 0.6180  0.7304  0.8231  0.9369
Epoch-600 0.6190  0.7355  0.8256  0.9372
Epoch-700 0.6155  0.7328  0.8287  0.9370
Epoch-800 0.6239  0.7314  0.8233  0.9355
Epoch-900 0.6199  0.7378  0.8253  0.9330
Epoch-1000 0.6261  0.7389  0.8243  0.9380
Epoch-100 0.5510  0.6801  0.7854  0.9247
Epoch-200 0.5842  0.7108  0.8094  0.9320
Epoch-300 0.6025  0.7264  0.8175  0.9380
Epoch-400 0.6055  0.7254  0.8216  0.9353
Epoch-500 0.6087  0.7235  0.8224  0.9386
Epoch-600 0.6126  0.7323  0.8282  0.9375
Epoch-700 0.6126  0.7314  0.8216  0.9335
Epoch-800 0.6107  0.7264  0.8184  0.9332
Epoch-900 0.6150  0.7345  0.8246  0.9330
Epoch-1000 0.6234  0.7438  0.8336  0.9380
