Epoch-100 0.5766  0.7043  0.8027  0.9325
Epoch-200 0.5858  0.7043  0.8054  0.9315
Epoch-300 0.6045  0.7186  0.8155  0.9362
Epoch-400 0.6063  0.7166  0.8136  0.9338
Epoch-500 0.6133  0.7240  0.8147  0.9288
Epoch-600 0.6001  0.7151  0.8076  0.9281
Epoch-700 0.5977  0.7164  0.8055  0.9234
Epoch-800 0.5994  0.7198  0.8111  0.9232
Epoch-900 0.5988  0.7164  0.8044  0.9283
Epoch-1000 0.5942  0.7149  0.8101  0.9257
Epoch-100 0.5427  0.6693  0.7822  0.9242
Epoch-200 0.5760  0.6983  0.8054  0.9291
Epoch-300 0.5839  0.7120  0.8145  0.9340
Epoch-400 0.6070  0.7294  0.8229  0.9380
Epoch-500 0.6180  0.7304  0.8231  0.9369
Epoch-600 0.6190  0.7355  0.8256  0.9372
Epoch-700 0.6155  0.7328  0.8287  0.9370
Epoch-800 0.6239  0.7314  0.8233  0.9355
Epoch-900 0.6199  0.7378  0.8253  0.9330
Epoch-1000 0.6261  0.7389  0.8243  0.9380
