Epoch-100 0.7245  0.8234  0.8942  0.9663
Epoch-200 0.7672  0.8514  0.9075  0.9699
Epoch-300 0.7546  0.8433  0.9041  0.9678
Epoch-400 0.7348  0.8234  0.8899  0.9631
Epoch-500 0.7237  0.8180  0.8856  0.9584
Epoch-600 0.7313  0.8276  0.8892  0.9629
Epoch-700 0.7246  0.8137  0.8802  0.9590
Epoch-800 0.7325  0.8228  0.8860  0.9627
Epoch-900 0.6961  0.8059  0.8725  0.9522
Epoch-1000 0.6855  0.7933  0.8700  0.9525
Epoch-100 0.7463  0.8357  0.9016  0.9709
Epoch-200 0.7485  0.8385  0.9059  0.9693
Epoch-300 0.7379  0.8314  0.8946  0.9634
Epoch-400 0.7431  0.8332  0.8952  0.9668
Epoch-500 0.7350  0.8302  0.8961  0.9651
Epoch-600 0.7313  0.8260  0.8892  0.9625
Epoch-700 0.7318  0.8281  0.8909  0.9611
Epoch-800 0.7096  0.8085  0.8758  0.9540
Epoch-900 0.7048  0.7995  0.8687  0.9524
Epoch-1000 0.6916  0.7898  0.8631  0.9535
