Epoch-200 0.4122  0.5295  0.6491  0.8568
Epoch-300 0.4116  0.5346  0.6517  0.8631
Epoch-400 0.3998  0.5264  0.6456  0.8611
Epoch-500 0.4049  0.5238  0.6398  0.8508
Epoch-600 0.4029  0.5272  0.6481  0.8522
Epoch-700 0.4049  0.5266  0.6440  0.8551
Epoch-800 0.4068  0.5274  0.6474  0.8552
Epoch-900 0.3431  0.4510  0.5692  0.8021
Epoch-1000 0.3433  0.4552  0.5766  0.8063
Epoch-200 0.4121  0.5295  0.6491  0.8568
Epoch-300 0.4115  0.5345  0.6517  0.8631
Epoch-400 0.3996  0.5264  0.6456  0.8611
Epoch-500 0.4050  0.5238  0.6398  0.8508
Epoch-600 0.4029  0.5272  0.6481  0.8522
Epoch-700 0.4049  0.5266  0.6440  0.8551
Epoch-800 0.4071  0.5276  0.6474  0.8552
Epoch-900 0.3433  0.4510  0.5692  0.8021
Epoch-1000 0.3433  0.4552  0.5766  0.8063
